0.40511328
-0.06704599
0.20196354
-0.37598664
-0.23714727
0.0061994195
0.25514513
0.439618
0.4208293
0.122258544
-0.2613986
-0.078053296
0.26825494
0.08004016
0.13460118
0.4391954
-0.2087267
-0.48516387
0.32726192
0.4691813
0.19457287
0.121953785
-0.3497014
0.27769542
0.15227097
-0.4550987
-0.029770255
-0.49765027
-0.3857187
0.43145806
-0.08396757
-0.3248071
-0.429716
0.09705567
0.38370824
-0.07925373
-0.112240374
-0.19486201
0.12168741
-0.42401958
-0.41799664
-0.25652802
-0.186014
-0.3404655
-0.22774726
0.43520457
0.3408816
-0.041585267
-0.30240798
-0.34024298
0.43343425
-0.46272057
0.054276466
0.45230925
-0.3443144
-0.2744987
0.37409753
0.49332434
0.30150056
0.34854347
0.4429748
-0.4548607
-0.15106523
0.12829125
-0.48642325
0.18360752
-0.020363986
0.2729146
-0.36367744
0.07872081
0.27331293
0.38118124
0.3505519
-0.28020316
0.25923222
0.08481139
0.47526634
-0.17641765
-0.08485168
0.23070091
0.2572078
0.031016946
0.40849584
0.32028162
-0.45910192
-0.21530235
-0.04061991
-0.36088085
-0.34648955
0.25776625

